"ID";"segment";"start";"end";"med_pit";"P5_pit";"P95_pit";"class";"N_syllables";"dur";"speed"
215014103;59;251.35;251.77;NA;NA;NA;"noise";27;0.420000000000016;64.2857142857118
215014103;65;272.07;272.66;NA;NA;NA;"noise";20;0.590000000000032;33.8983050847439
215014103;103;407.76;407.94;NA;NA;NA;"noise";10;0.180000000000007;55.5555555555534
215014103;110;427.16;427.46;NA;NA;NA;"noise";7;0.299999999999955;23.3333333333369
215014103;113;433.95;434.32;NA;NA;NA;"noise";8;0.370000000000005;21.6216216216214
215014103;1;0;11.4;192;164.48;236.97;"patient";NA;11.4;NA
215014103;3;19.31;28.13;186.17;163.83;228.67;"patient";37;8.82;4.19501133786848
215014103;5;37.66;40.34;179.69;161.05;232.23;"patient";13;2.68000000000001;4.8507462686567
215014103;7;45.82;49.78;196.83;158.96;238.58;"patient";20;3.96;5.05050505050505
215014103;9;55.68;62.34;190.96;162.58;230.64;"patient";33;6.66;4.95495495495495
215014103;11;65.98;71.95;222.85;170.83;270.12;"patient";25;5.97;4.18760469011725
215014103;13;73.97;80.9;199.26;171.15;235.68;"patient";32;6.93000000000001;4.61760461760461
215014103;15;91.07;94.38;199.49;166.75;221.7;"patient";18;3.31;5.43806646525679
215014103;17;98.37;102.54;187.24;162.93;221.59;"patient";18;4.17;4.31654676258993
215014103;19;106.46;110.07;194.16;169.07;258.33;"patient";21;3.61;5.81717451523546
215014103;21;116.33;119.13;192.19;173.69;248.24;"patient";11;2.8;3.92857142857143
215014103;23;124.13;128.42;189.06;165.75;205.37;"patient";23;4.28999999999999;5.36130536130537
215014103;25;130.54;134.24;177.83;159.41;251.14;"patient";18;3.70000000000002;4.86486486486484
215014103;27;140.85;142.92;181.33;163.66;198.78;"patient";10;2.06999999999999;4.83091787439615
215014103;29;146.46;149.48;186.48;162.88;220.08;"patient";14;3.01999999999998;4.635761589404
215014103;31;151.65;157.71;201.89;154.62;225.1;"patient";32;6.06;5.28052805280528
215014103;33;160.62;161.84;299.37;206.04;389.6;"patient";6;1.22;4.91803278688525
215014103;35;164.93;167.6;224.25;192.48;311.75;"patient";11;2.66999999999999;4.11985018726594
215014103;36;167.6;168.67;210.99;186.68;356.24;"patient";NA;1.06999999999999;NA
215014103;38;172.04;173.33;292.07;196.32;319.75;"patient";14;1.29000000000002;10.8527131782944
215014103;40;179.83;181.96;279.1;241.78;329.18;"patient";30;2.13;14.0845070422536
215014103;42;184.42;186.47;227.06;206.44;287.72;"patient";13;2.05000000000001;6.34146341463411
215014103;44;190.93;195.43;222.61;179.95;330.5;"patient";17;4.5;3.77777777777778
215014103;46;202.68;205.72;199.17;162.56;315.5;"patient";30;3.03999999999999;9.86842105263161
215014103;48;209.58;212;244.09;231.59;291.81;"patient";20;2.41999999999999;8.2644628099174
215014103;50;216.62;219.45;185.51;150.19;282.44;"patient";24;2.82999999999998;8.48056537102478
215014103;52;223.84;227.78;297.63;181.3;356.99;"patient";22;3.94;5.58375634517767
215014103;54;233.09;236.63;220.45;193.38;335.9;"patient";28;3.53999999999999;7.90960451977403
215014103;56;240.98;244.88;253.81;182.96;366.74;"patient";18;3.90000000000001;4.61538461538461
215014103;58;247.2;251.35;253.97;177.1;340.38;"patient";11;4.15000000000001;2.65060240963855
215014103;61;254.54;256.61;240.79;193.24;301.57;"patient";12;2.07000000000002;5.7971014492753
215014103;63;258.3;267.97;222.61;182.18;315.55;"patient";9;9.67000000000002;0.930713547052739
215014103;66;272.66;275.3;209.95;166.98;339.57;"patient";NA;2.63999999999999;NA
215014103;68;280.56;286.17;213.69;166.24;299.43;"patient";22;5.61000000000001;3.92156862745097
215014103;70;291.61;295.01;277.01;208.98;324.44;"patient";25;3.39999999999998;7.35294117647064
215014103;72;298.48;305.58;231.86;171.62;308.71;"patient";18;7.09999999999997;2.53521126760565
215014103;74;311.28;317.87;204.78;182.31;292.89;"patient";28;6.59000000000003;4.24886191198784
215014103;76;320.29;325;220.59;169.9;292.52;"patient";14;4.70999999999998;2.97239915074311
215014103;78;329.57;333.27;190.84;160.89;311.86;"patient";23;3.69999999999999;6.21621621621624
215014103;80;335.17;340.3;237.13;173.69;352.83;"patient";11;5.13;2.14424951267057
215014103;82;342.25;349.27;230.52;194.09;289.16;"patient";10;7.01999999999998;1.42450142450143
215014103;84;352.61;355.85;239.19;208.65;272.68;"patient";17;3.24000000000001;5.2469135802469
215014103;86;360.43;363.42;225.01;168.51;334.24;"patient";21;2.99000000000001;7.02341137123744
215014103;88;365.29;367.94;224.77;192.16;342.11;"patient";9;2.64999999999998;3.39622641509437
215014103;90;369.57;374.61;246.59;198.59;288.44;"patient";6;5.04000000000002;1.19047619047619
215014103;92;376.6;378.55;216.12;205.15;288.84;"patient";9;1.94999999999999;4.61538461538464
215014103;94;381;385.66;250.11;184.65;315.22;"patient";13;4.66000000000003;2.78969957081544
215014103;96;387.37;391.02;206.67;177.02;262.05;"patient";8;3.64999999999998;2.19178082191782
215014103;98;393.08;395.83;202.19;160.99;289.44;"patient";10;2.75;3.63636363636364
215014103;100;397.86;399.92;200.2;178.2;289.11;"patient";10;2.06;4.85436893203883
215014103;102;405.98;407.76;212.62;181.34;231.27;"patient";28;1.77999999999997;15.7303370786519
215014103;105;415.1;418.13;232.25;198.25;242.47;"patient";32;3.02999999999997;10.5610561056107
215014103;107;420.23;422.79;211.22;185.65;248.86;"patient";9;2.56;3.515625
215014103;109;425.8;427.16;238.78;180.52;295.31;"patient";12;1.36000000000001;8.82352941176462
215014103;112;431.41;433.95;257.09;191.52;292.46;"patient";16;2.53999999999996;6.29921259842529
215014103;115;440.22;443.58;212.24;160.73;271.06;"patient";25;3.35999999999996;7.44047619047629
215014103;2;11.4;19.31;225.08;167.98;281.96;"therapist";39;7.91;4.93046776232617
215014103;4;28.13;37.66;227.24;168.09;278.28;"therapist";54;9.53;5.66631689401889
215014103;6;40.34;45.82;202.35;173.55;240.47;"therapist";26;5.48;4.74452554744526
215014103;8;49.78;55.68;215.75;172.23;252.98;"therapist";26;5.9;4.40677966101695
215014103;10;62.34;65.98;207.37;179.79;324.62;"therapist";20;3.64;5.49450549450549
215014103;12;71.95;73.97;238.1;156.99;362.72;"therapist";10;2.02;4.95049504950496
215014103;14;80.9;91.07;229.13;180.13;301.62;"therapist";53;10.17;5.21140609636185
215014103;16;94.38;98.37;232.82;179.03;318.32;"therapist";22;3.99000000000001;5.51378446115287
215014103;18;102.54;106.46;240.98;181.22;325.3;"therapist";15;3.91999999999999;3.82653061224491
215014103;20;110.07;116.33;239.75;180.02;302.9;"therapist";36;6.26000000000001;5.75079872204472
215014103;22;119.13;124.13;236.11;200.32;313.06;"therapist";31;5;6.2
215014103;24;128.42;130.54;210.26;187.26;290.22;"therapist";12;2.12;5.66037735849055
215014103;26;134.24;140.85;214.17;185.19;338.6;"therapist";31;6.60999999999999;4.68986384266264
215014103;28;142.92;146.46;258.54;189.31;286.15;"therapist";19;3.54000000000002;5.36723163841805
215014103;30;149.48;151.65;240.96;218.62;321.96;"therapist";11;2.17000000000002;5.0691244239631
215014103;32;157.71;160.62;246.02;212.87;282.62;"therapist";11;2.91;3.78006872852234
215014103;34;161.84;164.93;196.21;166.01;224.98;"therapist";13;3.09;4.20711974110032
215014103;37;168.67;172.04;181.69;151.22;219.36;"therapist";5;3.37;1.48367952522255
215014103;39;173.33;179.83;183.92;155.31;209.79;"therapist";5;6.5;0.769230769230769
215014103;41;181.96;184.42;185.49;168.76;203.42;"therapist";10;2.45999999999998;4.06504065040654
215014103;43;186.47;190.93;197.41;166.38;272.08;"therapist";10;4.46000000000001;2.24215246636771
215014103;45;195.43;202.68;188.06;157.75;208.07;"therapist";21;7.25;2.89655172413793
215014103;47;205.72;209.58;189.8;162.05;242.64;"therapist";14;3.86000000000001;3.62694300518133
215014103;49;212;216.62;189.98;158.37;237.06;"therapist";10;4.62;2.16450216450216
215014103;51;219.45;223.84;192.14;161.92;227.26;"therapist";13;4.39000000000001;2.96127562642368
215014103;53;227.78;233.09;188.74;160.39;219.34;"therapist";15;5.31;2.82485875706215
215014103;55;236.63;240.98;190.03;157.75;236.87;"therapist";18;4.34999999999999;4.13793103448276
215014103;57;244.88;247.2;180.94;157.19;257.34;"therapist";20;2.31999999999999;8.62068965517244
215014103;60;251.77;254.54;201.65;168.16;249.92;"therapist";NA;2.76999999999998;NA
215014103;62;256.61;258.3;181.21;163.76;241.53;"therapist";9;1.69;5.32544378698226
215014103;64;267.97;272.07;190.42;166.3;234;"therapist";44;4.09999999999997;10.7317073170733
215014103;67;275.3;280.56;185.91;154.84;243.41;"therapist";15;5.25999999999999;2.85171102661597
215014103;69;286.17;291.61;197.93;164.14;238.16;"therapist";23;5.44;4.22794117647059
215014103;71;295.01;298.48;184.15;162.97;231.66;"therapist";16;3.47000000000003;4.6109510086455
215014103;73;305.58;311.28;178;155.51;252.45;"therapist";34;5.69999999999999;5.96491228070177
215014103;75;317.87;320.29;198.37;174.76;246.52;"therapist";35;2.42000000000002;14.4628099173553
215014103;77;325;329.57;183.98;161.88;217.27;"therapist";16;4.56999999999999;3.50109409190373
215014103;79;333.27;335.17;177.09;166.44;268.06;"therapist";16;1.90000000000003;8.4210526315788
215014103;81;340.3;342.25;214.28;177.23;249.29;"therapist";28;1.94999999999999;14.3589743589744
215014103;83;349.27;352.61;193.11;168.92;218.09;"therapist";32;3.34000000000003;9.5808383233532
215014103;85;355.85;360.43;189.05;166.56;237.59;"therapist";13;4.57999999999998;2.83842794759826
215014103;87;363.42;365.29;190.08;162.59;211;"therapist";15;1.87;8.02139037433153
215014103;89;367.94;369.57;197.68;166.41;212.09;"therapist";14;1.63;8.58895705521475
215014103;91;374.61;376.6;206.19;180.96;227.22;"therapist";23;1.99000000000001;11.5577889447236
215014103;93;378.55;381;183.71;160.96;230.53;"therapist";10;2.44999999999999;4.08163265306124
215014103;95;385.66;387.37;190.25;166.12;205.87;"therapist";21;1.70999999999998;12.2807017543861
215014103;97;391.02;393.08;190.79;163.55;222.23;"therapist";22;2.06;10.6796116504854
215014103;99;395.83;397.86;189.72;171.52;244.79;"therapist";16;2.03000000000003;7.88177339901466
215014103;101;399.92;405.98;211.95;170.3;233.14;"therapist";11;6.06;1.81518151815181
215014103;104;407.94;415.1;184.69;163.79;213.28;"therapist";NA;7.16000000000003;NA
215014103;106;418.13;420.23;202.42;160.61;227.64;"therapist";11;2.10000000000002;5.23809523809518
215014103;108;422.79;425.8;191.23;161.29;231.46;"therapist";16;3.00999999999999;5.31561461794022
215014103;111;427.46;431.41;208.85;170.35;230.68;"therapist";NA;3.95000000000005;NA
215014103;114;434.32;440.22;222.95;174.83;254.54;"therapist";NA;5.90000000000003;NA
215014103;116;NA;NA;NA;NA;NA;NA;9;NA;NA
