"ID";"segment";"start";"end";"med_pit";"P5_pit";"P95_pit";"class";"N_syllables";"dur";"speed"
215014103;60;251.35;251.77;NA;NA;NA;"noise";NA;0.420000000000016;NA
215014103;66;272.07;272.66;NA;NA;NA;"noise";NA;0.590000000000032;NA
215014103;104;407.76;407.94;NA;NA;NA;"noise";NA;0.180000000000007;NA
215014103;111;427.16;427.46;NA;NA;NA;"noise";NA;0.299999999999955;NA
215014103;114;433.95;434.32;NA;NA;NA;"noise";NA;0.370000000000005;NA
215014103;1;0;11.4;192;164.48;236.97;"patient";NA;11.4;NA
215014103;3;19.31;28.13;186.17;163.83;228.67;"patient";37;8.82;4.19501133786848
215014103;5;37.66;40.34;179.69;161.05;232.23;"patient";13;2.68000000000001;4.8507462686567
215014103;7;45.82;49.78;196.83;158.96;238.58;"patient";20;3.96;5.05050505050505
215014103;9;55.68;62.34;190.96;162.58;230.64;"patient";33;6.66;4.95495495495495
215014103;11;65.98;71.95;222.85;170.83;270.12;"patient";25;5.97;4.18760469011725
215014103;13;73.97;80.9;199.26;171.15;235.68;"patient";32;6.93000000000001;4.61760461760461
215014103;15;91.07;94.38;199.49;166.75;221.7;"patient";18;3.31;5.43806646525679
215014103;17;98.37;102.54;187.24;162.93;221.59;"patient";18;4.17;4.31654676258993
215014103;19;106.46;110.07;194.16;169.07;258.33;"patient";21;3.61;5.81717451523546
215014103;21;116.33;119.13;192.19;173.69;248.24;"patient";11;2.8;3.92857142857143
215014103;23;124.13;128.42;189.06;165.75;205.37;"patient";23;4.28999999999999;5.36130536130537
215014103;25;130.54;134.24;177.83;159.41;251.14;"patient";18;3.70000000000002;4.86486486486484
215014103;27;140.85;142.92;181.33;163.66;198.78;"patient";10;2.06999999999999;4.83091787439615
215014103;29;146.46;149.48;186.48;162.88;220.08;"patient";14;3.01999999999998;4.635761589404
215014103;31;151.65;157.71;201.89;154.62;225.1;"patient";32;6.06;5.28052805280528
215014103;33;160.62;161.84;299.37;206.04;389.6;"patient";6;1.22;4.91803278688525
215014103;35;164.93;166.56;224.25;192.48;311.75;"patient";11;1.63;6.74846625766873
215014103;37;167.6;168.67;210.99;186.68;356.24;"patient";5;1.06999999999999;4.67289719626171
215014103;39;172.04;173.33;292.07;196.32;319.75;"patient";5;1.29000000000002;3.875968992248
215014103;41;179.83;181.96;279.1;241.78;329.18;"patient";10;2.13;4.69483568075118
215014103;43;184.42;186.47;227.06;206.44;287.72;"patient";10;2.05000000000001;4.87804878048778
215014103;45;190.93;195.43;222.61;179.95;330.5;"patient";21;4.5;4.66666666666667
215014103;47;202.68;205.72;199.17;162.56;315.5;"patient";14;3.03999999999999;4.60526315789475
215014103;49;209.58;212;244.09;231.59;291.81;"patient";10;2.41999999999999;4.1322314049587
215014103;51;216.62;219.45;185.51;150.19;282.44;"patient";13;2.82999999999998;4.59363957597176
215014103;53;223.84;227.78;297.63;181.3;356.99;"patient";15;3.94;3.80710659898477
215014103;55;233.09;236.63;220.45;193.38;335.9;"patient";18;3.53999999999999;5.08474576271188
215014103;57;240.98;244.88;253.81;182.96;366.74;"patient";20;3.90000000000001;5.12820512820512
215014103;59;247.2;251.35;253.97;177.1;340.38;"patient";27;4.15000000000001;6.50602409638553
215014103;62;254.54;256.61;240.79;193.24;301.57;"patient";9;2.07000000000002;4.34782608695648
215014103;64;258.3;267.97;222.61;182.18;315.55;"patient";44;9.67000000000002;4.5501551189245
215014103;67;272.66;275.3;209.95;166.98;339.57;"patient";15;2.63999999999999;5.68181818181821
215014103;69;280.56;286.17;213.69;166.24;299.43;"patient";23;5.61000000000001;4.09982174688056
215014103;71;291.61;295.01;277.01;208.98;324.44;"patient";16;3.39999999999998;4.70588235294121
215014103;73;298.48;305.58;231.86;171.62;308.71;"patient";34;7.09999999999997;4.78873239436622
215014103;75;311.28;317.87;204.78;182.31;292.89;"patient";35;6.59000000000003;5.3110773899848
215014103;77;320.29;325;220.59;169.9;292.52;"patient";16;4.70999999999998;3.39702760084927
215014103;79;329.57;333.27;190.84;160.89;311.86;"patient";16;3.69999999999999;4.32432432432434
215014103;81;335.17;340.3;237.13;173.69;352.83;"patient";28;5.13;5.45808966861599
215014103;83;342.25;349.27;230.52;194.09;289.16;"patient";32;7.01999999999998;4.55840455840457
215014103;85;352.61;355.85;239.19;208.65;272.68;"patient";13;3.24000000000001;4.01234567901233
215014103;87;360.43;363.42;225.01;168.51;334.24;"patient";15;2.99000000000001;5.01672240802674
215014103;89;365.29;367.94;224.77;192.16;342.11;"patient";14;2.64999999999998;5.28301886792457
215014103;91;369.57;374.61;246.59;198.59;288.44;"patient";23;5.04000000000002;4.56349206349204
215014103;93;376.6;378.55;216.12;205.15;288.84;"patient";10;1.94999999999999;5.12820512820516
215014103;95;381;385.66;250.11;184.65;315.22;"patient";21;4.66000000000003;4.50643776824032
215014103;97;387.37;391.02;206.67;177.02;262.05;"patient";22;3.64999999999998;6.02739726027401
215014103;99;393.08;395.83;202.19;160.99;289.44;"patient";16;2.75;5.81818181818182
215014103;101;397.86;399.92;200.2;178.2;289.11;"patient";11;2.06;5.33980582524271
215014103;103;405.98;407.76;212.62;181.34;231.27;"patient";10;1.77999999999997;5.61797752808997
215014103;106;415.1;418.13;232.25;198.25;242.47;"patient";11;3.02999999999997;3.63036303630366
215014103;108;420.23;422.79;211.22;185.65;248.86;"patient";16;2.56;6.24999999999999
215014103;110;425.8;427.16;238.78;180.52;295.31;"patient";7;1.36000000000001;5.14705882352936
215014103;113;431.41;433.95;257.09;191.52;292.46;"patient";8;2.53999999999996;3.14960629921264
215014103;116;440.22;443.58;212.24;160.73;271.06;"patient";9;3.35999999999996;2.67857142857146
215014103;36;166.56;167.6;NA;NA;NA;"silence";NA;1.03999999999999;NA
215014103;2;11.4;19.31;225.08;167.98;281.96;"therapist";39;7.91;4.93046776232617
215014103;4;28.13;37.66;227.24;168.09;278.28;"therapist";54;9.53;5.66631689401889
215014103;6;40.34;45.82;202.35;173.55;240.47;"therapist";26;5.48;4.74452554744526
215014103;8;49.78;55.68;215.75;172.23;252.98;"therapist";26;5.9;4.40677966101695
215014103;10;62.34;65.98;207.37;179.79;324.62;"therapist";20;3.64;5.49450549450549
215014103;12;71.95;73.97;238.1;156.99;362.72;"therapist";10;2.02;4.95049504950496
215014103;14;80.9;91.07;229.13;180.13;301.62;"therapist";53;10.17;5.21140609636185
215014103;16;94.38;98.37;232.82;179.03;318.32;"therapist";22;3.99000000000001;5.51378446115287
215014103;18;102.54;106.46;240.98;181.22;325.3;"therapist";15;3.91999999999999;3.82653061224491
215014103;20;110.07;116.33;239.75;180.02;302.9;"therapist";36;6.26000000000001;5.75079872204472
215014103;22;119.13;124.13;236.11;200.32;313.06;"therapist";31;5;6.2
215014103;24;128.42;130.54;210.26;187.26;290.22;"therapist";12;2.12;5.66037735849055
215014103;26;134.24;140.85;214.17;185.19;338.6;"therapist";31;6.60999999999999;4.68986384266264
215014103;28;142.92;146.46;258.54;189.31;286.15;"therapist";19;3.54000000000002;5.36723163841805
215014103;30;149.48;151.65;240.96;218.62;321.96;"therapist";11;2.17000000000002;5.0691244239631
215014103;32;157.71;160.62;246.02;212.87;282.62;"therapist";11;2.91;3.78006872852234
215014103;34;161.84;164.93;196.21;166.01;224.98;"therapist";13;3.09;4.20711974110032
215014103;38;168.67;172.04;181.69;151.22;219.36;"therapist";14;3.37;4.15430267062314
215014103;40;173.33;179.83;183.92;155.31;209.79;"therapist";30;6.5;4.61538461538461
215014103;42;181.96;184.42;185.49;168.76;203.42;"therapist";13;2.45999999999998;5.2845528455285
215014103;44;186.47;190.93;197.41;166.38;272.08;"therapist";17;4.46000000000001;3.81165919282511
215014103;46;195.43;202.68;188.06;157.75;208.07;"therapist";30;7.25;4.13793103448276
215014103;48;205.72;209.58;189.8;162.05;242.64;"therapist";20;3.86000000000001;5.18134715025905
215014103;50;212;216.62;189.98;158.37;237.06;"therapist";24;4.62;5.19480519480519
215014103;52;219.45;223.84;192.14;161.92;227.26;"therapist";22;4.39000000000001;5.01138952164007
215014103;54;227.78;233.09;188.74;160.39;219.34;"therapist";28;5.31;5.27306967984934
215014103;56;236.63;240.98;190.03;157.75;236.87;"therapist";18;4.34999999999999;4.13793103448276
215014103;58;244.88;247.2;180.94;157.19;257.34;"therapist";11;2.31999999999999;4.74137931034484
215014103;61;251.77;254.54;201.65;168.16;249.92;"therapist";12;2.76999999999998;4.33212996389895
215014103;63;256.61;258.3;181.21;163.76;241.53;"therapist";9;1.69;5.32544378698226
215014103;65;267.97;272.07;190.42;166.3;234;"therapist";20;4.09999999999997;4.87804878048785
215014103;68;275.3;280.56;185.91;154.84;243.41;"therapist";22;5.25999999999999;4.18250950570343
215014103;70;286.17;291.61;197.93;164.14;238.16;"therapist";25;5.44;4.59558823529412
215014103;72;295.01;298.48;184.15;162.97;231.66;"therapist";18;3.47000000000003;5.18731988472618
215014103;74;305.58;311.28;178;155.51;252.45;"therapist";28;5.69999999999999;4.9122807017544
215014103;76;317.87;320.29;198.37;174.76;246.52;"therapist";14;2.42000000000002;5.78512396694211
215014103;78;325;329.57;183.98;161.88;217.27;"therapist";23;4.56999999999999;5.0328227571116
215014103;80;333.27;335.17;177.09;166.44;268.06;"therapist";11;1.90000000000003;5.78947368421042
215014103;82;340.3;342.25;214.28;177.23;249.29;"therapist";10;1.94999999999999;5.12820512820516
215014103;84;349.27;352.61;193.11;168.92;218.09;"therapist";17;3.34000000000003;5.08982035928139
215014103;86;355.85;360.43;189.05;166.56;237.59;"therapist";21;4.57999999999998;4.58515283842796
215014103;88;363.42;365.29;190.08;162.59;211;"therapist";9;1.87;4.81283422459892
215014103;90;367.94;369.57;197.68;166.41;212.09;"therapist";6;1.63;3.68098159509203
215014103;92;374.61;376.6;206.19;180.96;227.22;"therapist";9;1.99000000000001;4.52261306532661
215014103;94;378.55;381;183.71;160.96;230.53;"therapist";13;2.44999999999999;5.30612244897962
215014103;96;385.66;387.37;190.25;166.12;205.87;"therapist";8;1.70999999999998;4.67836257309947
215014103;98;391.02;393.08;190.79;163.55;222.23;"therapist";10;2.06;4.85436893203883
215014103;100;395.83;397.86;189.72;171.52;244.79;"therapist";10;2.03000000000003;4.92610837438416
215014103;102;399.92;405.98;211.95;170.3;233.14;"therapist";28;6.06;4.62046204620462
215014103;105;407.94;415.1;184.69;163.79;213.28;"therapist";32;7.16000000000003;4.46927374301674
215014103;107;418.13;420.23;202.42;160.61;227.64;"therapist";9;2.10000000000002;4.28571428571424
215014103;109;422.79;425.8;191.23;161.29;231.46;"therapist";12;3.00999999999999;3.98671096345516
215014103;112;427.46;431.41;208.85;170.35;230.68;"therapist";16;3.95000000000005;4.05063291139236
215014103;115;434.32;440.22;222.95;174.83;254.54;"therapist";25;5.90000000000003;4.2372881355932
