pitch_patient_6829-68769_1580-141083;nr; start; end; median; min; max; 5%quantile; 95%quantile
pitch_patient_6829-68769_1580-141083;1;0;11.401419623986683;191.99564551124126;155.72719369215196;343.24787396685315;164.48069429409335;236.97117539725312
pitch_patient_6829-68769_1580-141083;3;19.31336206032862;28.1278183462268;186.1716789355421;154.91037871609274;273.0348546033715;163.82649339005445;228.67038149785026
pitch_patient_6829-68769_1580-141083;5;37.65762943071107;40.335246792940495;179.68809387701276;154.2278182781955;247.3989270822137;161.05103278876942;232.23167361758001
pitch_patient_6829-68769_1580-141083;7;45.819473887828245;49.778932480544555;196.8314835048575;152.2595531557369;250.78484776591506;158.960073178181;238.57531589203703
pitch_patient_6829-68769_1580-141083;9;55.6824714181486;62.33619758436894;190.9625204190598;157.82236406748686;257.7897549417329;162.58236956549942;230.63922323506043
pitch_patient_6829-68769_1580-141083;11;65.98076838817431;71.94808719506567;222.84603733126357;159.5323150965652;299.24695060098657;170.8271959300979;270.12450756866536
pitch_patient_6829-68769_1580-141083;13;73.96689625887899;80.89520510311982;199.2601861539674;164.9034664136791;288.1545258666249;171.15234749520963;235.68305697403815
pitch_patient_6829-68769_1580-141083;15;91.07234390447786;94.375589265599;199.48999125704717;161.35114860241512;260.71778719145726;166.75050666907416;221.69716988432668
pitch_patient_6829-68769_1580-141083;17;98.36580986381168;102.54311939588726;187.2445177526781;155.6600973614576;255.6464304204947;162.92774268341068;221.59023940223358
pitch_patient_6829-68769_1580-141083;19;106.4592755067777;110.06799576460605;194.15634575931335;157.4208973102354;279.30583857063306;169.07449483537604;258.3294927281922
pitch_patient_6829-68769_1580-141083;21;116.33075474659674;119.13207708658555;192.19145173313913;169.21986472003678;262.26607145225665;173.68743266215512;248.23754743930306
pitch_patient_6829-68769_1580-141083;23;124.13350837140932;128.42397356321587;189.06231545874755;159.88249657967035;221.95939803615263;165.75426498455542;205.3748576129219
pitch_patient_6829-68769_1580-141083;25;130.53542877705306;134.24471615757201;177.83037350519058;105.77278279026271;295.5220203398914;159.40586283116386;251.13514342150032
pitch_patient_6829-68769_1580-141083;27;140.85013395396516;142.9167352900769;181.32925985948395;159.01912141563596;213.0871431000888;163.6556135858062;198.78237549758867
pitch_patient_6829-68769_1580-141083;29;146.46175746488777;149.47783211094807;186.48284554277458;158.01366037390136;227.2275332640221;162.88388136454543;220.08394469858737
pitch_patient_6829-68769_1580-141083;31;151.64870861679046;157.705932490128;201.89254805028168;146.08767165232075;265.6901498488326;154.62105554087498;225.09715951701764
pitch_patient_6829-68769_1580-141083;33;160.62199083658547;161.83885581508636;299.370509859785;177.32313598353232;418.29857711567337;206.04407224329233;389.60382945819157
pitch_patient_6829-68769_1580-141083;35;164.9289294668737;167.6040990301473;224.2486689013596;179.16795925352673;416.62909409800307;192.47907741514967;311.7508478651244
pitch_patient_6829-68769_1580-141083;36;167.6040990301473;168.66538309815493;210.9864553492712;185.43643732311347;384.0103439945098;186.6801487283163;356.24473180493305
pitch_patient_6829-68769_1580-141083;38;172.04262771500314;173.33234274234465;292.0675179323912;194.89584687501;334.2768070250572;196.31619839795331;319.75232399549674
pitch_patient_6829-68769_1580-141083;40;179.83029230328617;181.95739840669438;279.10201559464684;233.48319328623114;364.5063604544937;241.77835451322835;329.1810084218371
pitch_patient_6829-68769_1580-141083;42;184.4195269738244;186.46986111568208;227.06234218704822;204.57388329622648;309.5864864360713;206.43855779136675;287.7213824056485
pitch_patient_6829-68769_1580-141083;44;190.9287199201344;195.42830444537464;222.60618165048123;168.7402194873386;364.89761928424923;179.94862403164316;330.4998790911683
pitch_patient_6829-68769_1580-141083;46;202.67663717971794;205.71914922955148;199.16556003391452;161.47352890521384;384.0901748923029;162.56055246620227;315.50240990190736
pitch_patient_6829-68769_1580-141083;48;209.57559440172957;211.99516675490707;244.08899501056334;229.62237345104344;307.9209211985426;231.58775667861107;291.81471028700014
pitch_patient_6829-68769_1580-141083;50;216.62369884208175;219.4515353473927;185.50581606915986;146.79986149523194;286.3965253043092;150.18685814161472;282.43665856542106
pitch_patient_6829-68769_1580-141083;52;223.84113960773846;227.7764766313388;297.62593057950664;165.5791495941861;382.9129802953823;181.30461248837506;356.9869786038582
pitch_patient_6829-68769_1580-141083;54;233.08913496874425;236.63496889302363;220.44803960937008;184.06694309769227;359.3754036091355;193.37989647632645;335.8997556817778
pitch_patient_6829-68769_1580-141083;56;240.98073776934007;244.88022424696337;253.81396842948155;179.66619930323742;392.6155055035542;182.96015535292878;366.73924651279594
pitch_patient_6829-68769_1580-141083;58;247.19618479580393;251.34866639007367;253.96637795481382;163.33986672669843;377.3681172213116;177.10012184346607;340.38133775342277
pitch_patient_6829-68769_1580-141083;61;254.54325440967327;256.61208842796276;240.7891325404713;192.15327272698818;333.0615660976515;193.23895099253446;301.5675957180755
pitch_patient_6829-68769_1580-141083;63;258.30382961007047;267.97336949597036;222.6057025963433;178.35772205261173;394.9812502505238;182.17993947477274;315.5479258335553
pitch_patient_6829-68769_1580-141083;66;272.66457670914633;275.2996233987506;209.94802373646064;162.74348217258904;370.31260871889225;166.98292084844377;339.565625384889
pitch_patient_6829-68769_1580-141083;68;280.5646546526071;286.1738313656821;213.68635540137055;162.93421241173408;309.6723386863339;166.23584077692942;299.4288556649724
pitch_patient_6829-68769_1580-141083;70;291.6093479017295;295.0087531313388;277.0060806583388;182.4926381724977;344.7326187330185;208.98076182573752;324.43528740524977
pitch_patient_6829-68769_1580-141083;72;298.475984850903;305.57680491528487;231.85747383884896;167.7716759287561;347.98641233232615;171.61520434628665;308.7069854965465
pitch_patient_6829-68769_1580-141083;74;311.2785459921138;317.8661454483534;204.7822615861971;176.56063765340656;361.3360051482386;182.30967332659847;292.8853828356434
pitch_patient_6829-68769_1580-141083;76;320.28767875788594;324.9996232429914;220.58603111203536;167.45575698378937;335.0487566826874;169.90411988764575;292.51686023780985
pitch_patient_6829-68769_1580-141083;78;329.57382282864165;333.27157717708513;190.8406604424443;158.95827486488236;329.49483142088866;160.88679629311392;311.85571671046586
pitch_patient_6829-68769_1580-141083;80;335.1651159699679;340.3017977956885;237.1314711903968;170.60393148439846;377.02937418065454;173.68849250214626;352.8288629482441
pitch_patient_6829-68769_1580-141083;82;342.24541021996794;349.2670772565468;230.52437733970004;186.59564321345178;396.42585625586304;194.09360542841029;289.15678884340423
pitch_patient_6829-68769_1580-141083;84;352.61146844835343;355.85163203114024;239.192558754741;206.67646469876394;374.04091900214877;208.6495377296991;272.68035001402757
pitch_patient_6829-68769_1580-141083;86;360.43083725479164;363.4154036274823;225.00685750820108;159.37186940093255;356.1724133274289;168.50674568220626;334.23922356500134
pitch_patient_6829-68769_1580-141083;88;365.2879310144906;367.94093996500305;224.7651635789657;166.65865793002064;365.2958788234116;192.1617570826178;342.10864004961013
pitch_patient_6829-68769_1580-141083;90;369.56545279095445;374.6051629987184;246.5865283367606;179.46120723631066;335.503155018344;198.59116454326121;288.4380804246107
pitch_patient_6829-68769_1580-141083;92;376.60123012064685;378.5478872265725;216.12389508694505;203.5669048863499;399.7973079986392;205.14742275545987;288.8423319345684
pitch_patient_6829-68769_1580-141083;94;381.00262858944893;385.6626839229156;250.11240225322945;181.85256045777695;396.796435603435;184.64783645625891;315.22285205726007
pitch_patient_6829-68769_1580-141083;96;387.367916452736;391.02063793507534;206.66748899285088;173.89455148377726;336.4915619860224;177.019138999736;262.0487802933615
pitch_patient_6829-68769_1580-141083;98;393.08116374761147;395.82948543985236;202.18729816156048;159.23599585129767;321.2367490721987;160.99279778873944;289.443286741627
pitch_patient_6829-68769_1580-141083;100;397.86362232317606;399.92266844723514;200.19628867253806;175.31863992781552;314.80322922612953;178.20140441436848;289.11285043167345
pitch_patient_6829-68769_1580-141083;102;405.97831144332656;407.75748367827157;212.61886654784354;179.9836234523604;244.6966119842668;181.34289551031205;231.26962444193398
pitch_patient_6829-68769_1580-141083;105;415.1041998201361;418.1345580866387;232.25481925561135;195.45364868188952;258.0106849097363;198.25026465027778;242.46891107525303
pitch_patient_6829-68769_1580-141083;107;420.22604986964393;422.7899793716706;211.2170855504351;182.36747095031626;256.4055441816444;185.64636930025296;248.85556048354562
pitch_patient_6829-68769_1580-141083;109;425.80315122922707;427.15975091437474;238.7769668255291;178.89369874063058;303.67121432306266;180.51788069348515;295.3143780550121
pitch_patient_6829-68769_1580-141083;112;431.40668770577594;433.9456612793138;257.0872492637091;180.06814214773655;312.84145580962957;191.51644605704698;292.46246063918704
pitch_patient_6829-68769_1580-141083;115;440.216569060582;443.5789224460771;212.2387573511071;156.10625714933286;308.2261213399829;160.7305205718414;271.06241212681294
