pitch_therapist_6829-68769_1580-141083;nr; start; end; median; min; max; 5%quantile; 95%quantile
pitch_therapist_6829-68769_1580-141083;2;11.401419623986683;19.31336206032862;225.08315297031186;160.88203264980845;300.78883376279987;167.9775829768618;281.9602917253506
pitch_therapist_6829-68769_1580-141083;4;28.1278183462268;37.65762943071107;227.2365389127586;155.9339778544927;352.13643926738666;168.08571318775174;278.28417492654665
pitch_therapist_6829-68769_1580-141083;6;40.335246792940495;45.819473887828245;202.35341225530206;161.59094753567265;278.8945891651874;173.55274168185193;240.47407959865004
pitch_therapist_6829-68769_1580-141083;8;49.778932480544555;55.6824714181486;215.74834562103206;163.35648169396816;301.2258933287038;172.22582688569082;252.97735606575506
pitch_therapist_6829-68769_1580-141083;10;62.33619758436894;65.98076838817431;207.36687266239636;178.80893897467791;397.58470247787994;179.7889377012005;324.6193938513621
pitch_therapist_6829-68769_1580-141083;12;71.94808719506567;73.96689625887899;238.10136818334166;149.5538384940562;399.38551183008843;156.99234999939173;362.7244369869959
pitch_therapist_6829-68769_1580-141083;14;80.89520510311982;91.07234390447786;229.1321649270675;165.3428076411522;392.39256859691164;180.13271844680537;301.6158006989043
pitch_therapist_6829-68769_1580-141083;16;94.375589265599;98.36580986381168;232.81860311014412;173.47911466264756;338.93495704365347;179.0253009916425;318.32061157797756
pitch_therapist_6829-68769_1580-141083;18;102.54311939588726;106.4592755067777;240.97566020507256;180.087220176446;375.0867961063612;181.22092663754114;325.29642978562873
pitch_therapist_6829-68769_1580-141083;20;110.06799576460605;116.33075474659674;239.74626801493926;155.46394347418797;388.15341326430354;180.01978297150882;302.8982412747522
pitch_therapist_6829-68769_1580-141083;22;119.13207708658555;124.13350837140932;236.114821454342;187.64719757169772;350.3125107315748;200.3237432335094;313.05550969530157
pitch_therapist_6829-68769_1580-141083;24;128.42397356321587;130.53542877705306;210.25794566701214;184.12839974734962;323.7228375249465;187.25852793377763;290.2181229067094
pitch_therapist_6829-68769_1580-141083;26;134.24471615757201;140.85013395396516;214.17002342349483;183.34392840940714;385.314059633605;185.18593596639198;338.5959145581851
pitch_therapist_6829-68769_1580-141083;28;142.9167352900769;146.46175746488777;258.5380531710675;183.87374101713976;310.89160133273975;189.31452321358466;286.15023265719753
pitch_therapist_6829-68769_1580-141083;30;149.47783211094807;151.64870861679046;240.95744850856252;211.14163155482763;345.28802299808194;218.62319100088718;321.95571099252476
pitch_therapist_6829-68769_1580-141083;32;157.705932490128;160.62199083658547;246.0230906563159;203.08342160169457;347.56710503347347;212.87409845409763;282.6167154516482
pitch_therapist_6829-68769_1580-141083;34;161.83885581508636;164.9289294668737;196.2064682836806;159.50586879716224;237.74750648946724;166.01091294756563;224.9764662407292
pitch_therapist_6829-68769_1580-141083;38;168.66538309815493;172.04262771500314;181.68934757802953;140.1072971729274;245.7560494158323;151.21925002380652;219.36086031232963
pitch_therapist_6829-68769_1580-141083;40;173.33234274234465;179.83029230328617;183.9162621060284;90.2996714139381;220.84343176399457;155.30835020955436;209.7872550522136
pitch_therapist_6829-68769_1580-141083;42;181.95739840669438;184.4195269738244;185.49431272202972;164.41746774494504;228.69417327240106;168.75591369898655;203.422936111286
pitch_therapist_6829-68769_1580-141083;44;186.46986111568208;190.9287199201344;197.41105257486208;155.0280562904574;299.88299745158974;166.3771503840529;272.08332519913614
pitch_therapist_6829-68769_1580-141083;46;195.42830444537464;202.67663717971794;188.06284065917328;153.18742518764938;227.99522140247942;157.74520882988284;208.0739575266047
pitch_therapist_6829-68769_1580-141083;48;205.71914922955148;209.57559440172957;189.79969171446808;154.74852278861903;281.9032214461743;162.05373091965225;242.63596069696084
pitch_therapist_6829-68769_1580-141083;50;211.99516675490707;216.62369884208175;189.9836509909439;155.02580759491948;265.71162428328086;158.37402780292388;237.05593338989746
pitch_therapist_6829-68769_1580-141083;52;219.4515353473927;223.84113960773846;192.14253736788962;158.88798270114984;262.3739965672769;161.91690383678664;227.26159431278558
pitch_therapist_6829-68769_1580-141083;54;227.7764766313388;233.08913496874425;188.74135783954478;154.13701826330302;239.85222915949075;160.39072067942098;219.3375683099069
pitch_therapist_6829-68769_1580-141083;56;236.63496889302363;240.98073776934007;190.0251900972301;153.0361792448703;265.40868389573103;157.75446925032165;236.87405587409788
pitch_therapist_6829-68769_1580-141083;58;244.88022424696337;247.19618479580393;180.93840624131735;150.02934533324404;262.2725673232945;157.18927712800485;257.34059214829546
pitch_therapist_6829-68769_1580-141083;61;251.77373566338562;254.54325440967327;201.64954961414568;163.90135006852665;286.1504348848102;168.1550496209485;249.92309059306396
pitch_therapist_6829-68769_1580-141083;63;256.61208842796276;258.30382961007047;181.20606445190947;162.72097826033612;250.1330955975187;163.757942968313;241.53451824269905
pitch_therapist_6829-68769_1580-141083;65;267.97336949597036;272.0742027184353;190.4241905338199;157.70097092943186;247.2336184656921;166.2990925092431;234.00325985999152
pitch_therapist_6829-68769_1580-141083;68;275.2996233987506;280.5646546526071;185.90610595757295;150.1230072046018;262.6200011882213;154.83735733821842;243.4060936275671
pitch_therapist_6829-68769_1580-141083;70;286.1738313656821;291.6093479017295;197.93021743002578;157.01886150278506;257.3836076032517;164.14028296543046;238.16468580716162
pitch_therapist_6829-68769_1580-141083;72;295.0087531313388;298.475984850903;184.14795829338624;156.82542882200445;249.15984403898423;162.97121628063593;231.65574801419893
pitch_therapist_6829-68769_1580-141083;74;305.57680491528487;311.2785459921138;177.9964732760234;143.34857000978806;327.4150233462278;155.51060349277867;252.45192824976104
pitch_therapist_6829-68769_1580-141083;76;317.8661454483534;320.28767875788594;198.37495651959674;171.40814780101644;282.9348869678485;174.75801862525833;246.51758941283563
pitch_therapist_6829-68769_1580-141083;78;324.9996232429914;329.57382282864165;183.97540628697158;157.22723723417545;255.86104406376776;161.87667009931664;217.27353425311813
pitch_therapist_6829-68769_1580-141083;80;333.27157717708513;335.1651159699679;177.09189444432525;163.19299174713612;285.4396696224085;166.44467148850825;268.062573063056
pitch_therapist_6829-68769_1580-141083;82;340.3017977956885;342.24541021996794;214.27803893714926;166.71000150380274;255.6857713428213;177.23483787541292;249.28881877316823
pitch_therapist_6829-68769_1580-141083;84;349.2670772565468;352.61146844835343;193.10552694798002;164.05894699007195;247.90015146007605;168.91678621488154;218.09336669159674
pitch_therapist_6829-68769_1580-141083;86;355.85163203114024;360.43083725479164;189.04602368831257;154.77550693763266;262.1026305012718;166.55950203711157;237.5858997482145
pitch_therapist_6829-68769_1580-141083;88;363.4154036274823;365.2879310144906;190.0779133563395;159.3533039000288;227.12076130517792;162.58564708006645;211.00275047725307
pitch_therapist_6829-68769_1580-141083;90;367.94093996500305;369.56545279095445;197.6842487873721;159.21227466483793;214.51607402229095;166.4103868623781;212.0912378578605
pitch_therapist_6829-68769_1580-141083;92;374.6051629987184;376.60123012064685;206.18868555735705;175.30268777582515;236.74665368502966;180.9606237478723;227.2243567480857
pitch_therapist_6829-68769_1580-141083;94;378.5478872265725;381.00262858944893;183.7052570978356;149.45075432132924;248.60575642675076;160.96348473273034;230.530498969625
pitch_therapist_6829-68769_1580-141083;96;385.6626839229156;387.367916452736;190.25137683206555;157.39594072436782;216.07415890367838;166.12150927359673;205.86889791361625
pitch_therapist_6829-68769_1580-141083;98;391.02063793507534;393.08116374761147;190.78677369053236;159.91144106894498;232.21973055576035;163.5544290169346;222.22545251678497
pitch_therapist_6829-68769_1580-141083;100;395.82948543985236;397.86362232317606;189.7165717059471;165.4457860353454;258.422751984155;171.51676415627853;244.79494104891796
pitch_therapist_6829-68769_1580-141083;102;399.92266844723514;405.97831144332656;211.9542202499253;148.85382113744552;276.57058604924185;170.301124914252;233.1367493437736
pitch_therapist_6829-68769_1580-141083;105;407.94187586848585;415.1041998201361;184.69196822356963;152.0497678528138;250.38589171525055;163.78972423760266;213.2764679606544
pitch_therapist_6829-68769_1580-141083;107;418.1345580866387;420.22604986964393;202.4167795765385;156.06617233321901;237.5941204870711;160.60850802447862;227.636324537822
pitch_therapist_6829-68769_1580-141083;109;422.7899793716706;425.80315122922707;191.23327365174998;150.39955613984654;239.3680197615939;161.2936809920035;231.46045593433317
pitch_therapist_6829-68769_1580-141083;112;427.46268094115527;431.40668770577594;208.85058751752769;163.33287127650996;238.26352610574116;170.35443580173023;230.67912711414823
pitch_therapist_6829-68769_1580-141083;115;434.3232262402287;440.216569060582;222.94943054171023;162.74851938545535;285.5903969123225;174.82951542317954;254.54135227144442
